0 0.102344 0.855093 0.203646 0.175000
0 0.150260 0.610185 0.141146 0.140741
1 0.218229 0.635185 0.155208 0.125926
0 0.788802 0.850926 0.135937 0.148148
0 0.492708 0.756944 0.179167 0.156481
1 0.703646 0.707407 0.123958 0.177778
1 0.858854 0.692130 0.134375 0.130556
0 0.464844 0.635648 0.139063 0.119444
1 0.387240 0.635185 0.048438 0.155556
1 0.540885 0.293519 0.119271 0.122222
0 0.513542 0.531019 0.134375 0.125000
0 0.698698 0.602778 0.148438 0.185185
0 0.316146 0.576389 0.136458 0.130556
0 0.150781 0.515741 0.140104 0.101852
1 0.897656 0.443981 0.065104 0.082407
1 0.695833 0.290741 0.076042 0.107407
0 0.327083 0.429630 0.100000 0.153704
0 0.421875 0.477315 0.133333 0.117593
1 0.839063 0.390278 0.123958 0.110185
1 0.938542 0.339815 0.098958 0.125926
0 0.627604 0.473611 0.080208 0.162037
1 0.841927 0.329630 0.061979 0.100000
0 0.905729 0.296759 0.051042 0.112037
0 0.354167 0.347685 0.050000 0.125000
0 0.750000 0.350463 0.132292 0.104630
0 0.447396 0.404630 0.060417 0.081481
0 0.170833 0.419907 0.121875 0.080556
0 0.177865 0.455556 0.072396 0.075926
1 0.737760 0.510648 0.055729 0.126852
1 0.708594 0.484722 0.061979 0.117593
0 0.560937 0.425000 0.048958 0.090741
0 0.278125 0.511574 0.052083 0.110185
